<?xml version="1.0" encoding="utf-8"?>
<COLLADA version="1.4.0" xmlns="http://www.collada.org/2005/11/COLLADASchema">
  <asset>
    <contributor>
      <author>www.makehuman.org</author>
    </contributor>
    <created>Wed, 08 Nov 2017 10:49:50 +0000</created>
    <modified>Wed, 08 Nov 2017 10:49:50 +0000</modified>
    <unit meter="0.0100" name="centimeter"/>
    <up_axis>Y_UP</up_axis>
  </asset>

  <library_images>
    <image id="middleage_lightskinned_female_diffuse_png" name="middleage_lightskinned_female_diffuse_png">
      <init_from>file://textures\middleage_lightskinned_female_diffuse.png</init_from>
    </image>
    <image id="brown_eye_png" name="brown_eye_png">
      <init_from>file://textures\brown_eye.png</init_from>
    </image>
    <image id="eyebrow001_png" name="eyebrow001_png">
      <init_from>file://textures\eyebrow001.png</init_from>
    </image>
  </library_images>

  <library_effects>
    <effect id="middleage_caucasian_female-effect">
      <profile_COMMON>
        <newparam sid="middleage_lightskinned_female_diffuse_png-surface">
          <surface type="2D">
            <init_from>middleage_lightskinned_female_diffuse_png</init_from>
          </surface>
        </newparam>
        <newparam sid="middleage_lightskinned_female_diffuse_png-sampler">
          <sampler2D>
            <source>middleage_lightskinned_female_diffuse_png-surface</source>
          </sampler2D>
        </newparam>
        <technique sid="common">
          <phong>
            <diffuse>
              <color>1.0000 1.0000 1.0000 0.0000</color> 
              <texture texture="middleage_lightskinned_female_diffuse_png-sampler" texcoord="UVTex"/>
            </diffuse>
            <transparency>
              <texture texture="middleage_lightskinned_female_diffuse_png-sampler" texcoord="UVTex"/>
            </transparency>
            <specular>
              <color>0.0627 0.0510 0.0510 0.0000</color> 
            </specular>
            <shininess><float>128.0</float></shininess>
            <normal>
            </normal>
            <bump>
            </bump>
            <displacement>
            </displacement>
          </phong>
          <extra/>
        </technique>
        <extra>
          <technique profile="GOOGLEEARTH">
            <show_double_sided>1</show_double_sided>
          </technique>
        </extra>
      </profile_COMMON>
      <extra><technique profile="MAX3D"><double_sided>1</double_sided></technique></extra>
    </effect>
    <effect id="Eye_brown-effect">
      <profile_COMMON>
        <newparam sid="brown_eye_png-surface">
          <surface type="2D">
            <init_from>brown_eye_png</init_from>
          </surface>
        </newparam>
        <newparam sid="brown_eye_png-sampler">
          <sampler2D>
            <source>brown_eye_png-surface</source>
          </sampler2D>
        </newparam>
        <technique sid="common">
          <phong>
            <diffuse>
              <color>1.0000 1.0000 1.0000 0.0000</color> 
              <texture texture="brown_eye_png-sampler" texcoord="UVTex"/>
            </diffuse>
            <transparency>
              <texture texture="brown_eye_png-sampler" texcoord="UVTex"/>
            </transparency>
            <specular>
              <color>1.0000 1.0000 1.0000 0.0000</color> 
            </specular>
            <shininess><float>256.0</float></shininess>
            <normal>
            </normal>
            <bump>
            </bump>
            <displacement>
            </displacement>
          </phong>
          <extra/>
        </technique>
        <extra>
          <technique profile="GOOGLEEARTH">
            <show_double_sided>1</show_double_sided>
          </technique>
        </extra>
      </profile_COMMON>
      <extra><technique profile="MAX3D"><double_sided>1</double_sided></technique></extra>
    </effect>
    <effect id="eyebrow001-effect">
      <profile_COMMON>
        <newparam sid="eyebrow001_png-surface">
          <surface type="2D">
            <init_from>eyebrow001_png</init_from>
          </surface>
        </newparam>
        <newparam sid="eyebrow001_png-sampler">
          <sampler2D>
            <source>eyebrow001_png-surface</source>
          </sampler2D>
        </newparam>
        <technique sid="common">
          <phong>
            <diffuse>
              <color>1.0000 1.0000 1.0000 0.0000</color> 
              <texture texture="eyebrow001_png-sampler" texcoord="UVTex"/>
            </diffuse>
            <transparency>
              <texture texture="eyebrow001_png-sampler" texcoord="UVTex"/>
            </transparency>
            <specular>
              <color>0.0000 0.0000 0.0000 0.0000</color> 
            </specular>
            <shininess><float>128.0</float></shininess>
            <normal>
            </normal>
            <bump>
            </bump>
            <displacement>
            </displacement>
          </phong>
          <extra/>
        </technique>
        <extra>
          <technique profile="GOOGLEEARTH">
            <show_double_sided>1</show_double_sided>
          </technique>
        </extra>
      </profile_COMMON>
      <extra><technique profile="MAX3D"><double_sided>1</double_sided></technique></extra>
    </effect>
  </library_effects>

  <library_materials>
    <material id="middleage_caucasian_female" name="middleage_caucasian_female">
      <instance_effect url="#middleage_caucasian_female-effect"/>
    </material>
    <material id="Eye_brown" name="Eye_brown">
      <instance_effect url="#Eye_brown-effect"/>
    </material>
    <material id="eyebrow001" name="eyebrow001">
      <instance_effect url="#eyebrow001-effect"/>
    </material>
  </library_materials>

  <library_controllers>

    <controller id="model1_lowpoly2-proxy741-skin">
      <skin source="#model1_lowpoly2-proxy741Mesh">
        <bind_shape_matrix>
          1 0 0 0
          0 1 0 0
          0 0 1 0
          0 0 0 1
        </bind_shape_matrix>
        <source id="model1_lowpoly2-proxy741-skin-joints">
          <IDREF_array count="53" id="model1_lowpoly2-proxy741-skin-joints-array">
            Root pelvis spine_01 thigh_l thigh_r spine_02 calf_l calf_r spine_03 foot_l foot_r clavicle_l clavicle_r neck_01 ball_l ball_r upperarm_l upperarm_r head lowerarm_l lowerarm_r hand_l hand_r index_01_l middle_01_l pinky_01_l ring_01_l thumb_01_l index_01_r middle_01_r pinky_01_r ring_01_r thumb_01_r index_02_l middle_02_l pinky_02_l ring_02_l thumb_02_l index_02_r middle_02_r pinky_02_r ring_02_r thumb_02_r index_03_l middle_03_l pinky_03_l ring_03_l thumb_03_l index_03_r middle_03_r pinky_03_r ring_03_r thumb_03_r
          </IDREF_array>
          <technique_common>
            <accessor count="53" source="#model1_lowpoly2-proxy741-skin-joints-array" stride="1">
              <param type="IDREF" name="JOINT"></param>
            </accessor>
          </technique_common>
        </source>
        <source id="model1_lowpoly2-proxy741-skin-weights">
          <float_array count="1715" id="model1_lowpoly2-proxy741-skin-weights-array">
           0.000848485 0.00647812 0.00534143 0.00558478 0.00699769 0.489264 0.000771861 0.00480721 0.000357652 0.000403394 0.00150309 0.00382658 0.065628 0.0515677 0.0682342 0.0519155 0.443268 0.0392223 0.0541893 0.0173686 0.0285247 0.220083 0.185483 0.295766 0.165217 0.703642 0.22429 0.109011 0.140501 0.391383 0.316692 0.478933 0.295194 0.491582 0.449835 0.387334 0.560275 0.819099 0.673811 0.485557 0.0120647 0.00648872 0.00416745 0.0107151 0.0280638 0.0287305 0.0604366 0.690718 0.812438 0.0506905 0.891793 0.288765 0.369843 0.315417 0.488511 0.620199 0.438034 0.419111 0.478018 0.806225 0.184679 0.0930611 0.051127 0.0451005 0.000848486 0.00651707 0.00537591 0.00558478 0.00699769 0.48918 0.00727327 0.000771909 0.0048074 0.000403394 0.00382658 0.0657556 0.0516605 0.0681887 0.0519592 0.442095 0.0541362 0.0286246 0.220601 0.185709 0.295492 0.165205 0.718181 0.0414805 0.224281 0.14074 0.392322 0.31712 0.477619 0.295259 0.514087 0.25135 0.450377 0.391932 0.837598 0.685255 0.489259 0.00850184 0.0100675 0.00329363 0.0149136 0.0391523 0.031667 0.0707481 0.704595 0.0536335 0.288433 0.377843 0.314626 0.488797 0.620422 0.463589 0.420213 0.478412 0.185443 0.83674 0.483106 0.0933 0.0513691 0.000560916 0.000862512 0.0134053 0.000429776 0.000384043 0.0947203 0.0983363 0.0745181 0.100753 0.233693 0.00621457 0.0469856 0.0025624 0.00383251 0.0114036 0.0209768 0.316315 0.302037 0.331513 0.282887 0.174659 0.302641 0.243058 0.0775278 0.109766 0.528433 0.579439 0.50349 0.579005 0.0682058 0.464771 0.291452 0.393042 0.483777 0.582557 0.348485 0.607582 0.165059 0.366037 0.435376 0.411984 0.0264323 0.0105553 0.15813 0.0587903 0.00426713 0.0497507 0.0487426 0.0716854 0.3969 0.304344 0.0446359 0.108092 0.346926 0.0858269 0.435375 0.281063 0.203927 0.161872 0.000560916 0.000862492 0.0134053 0.000429802 0.000193179 0.000384042 0.0947239 0.0983392 0.0745181 0.0967213 0.232588 0.108675 0.00621494 0.0469872 0.00383251 0.0209768 0.316304 0.302037 0.331532 0.282874 0.174391 0.243085 0.109728 0.528059 0.579241 0.503442 0.578963 0.0676562 0.658622 0.46483 0.392825 0.482704 0.58217 0.348084 0.60766 0.165058 0.635248 0.36588 0.435301 0.0279643 0.0105961 0.158023 0.0497215 0.0487346 0.0713193 0.396514 0.304413 0.04464 0.108012 0.346451 0.435394 0.435863 0.281065 0.203905 0.000106347 0.277042 0.00203638 0.00114662 0.00246662 0.000525269 0.382073 0.00177294 0.00012372 0.000960035 0.0188282 0.0126956 0.0363719 0.00418222 0.225901 0.0241347 0.001879 0.0085889 0.0878989 0.0553511 0.172582 0.0160175 0.339051 0.153895 0.13551 0.0092148 0.139168 0.820948 0.926269 0.841133 0.958955 0.960423 0.975035 0.973505 0.315633 0.356313 0.987935 0.993511 0.995833 0.989285 0.971936 0.971269 0.939563 0.462093 0.570716 0.380315 0.186605 0.263813 0.200807 0.625847 0.986113 0.309282 0.0703425 0.949309 0.414168 0.0313109 0.661484 0.581414 0.612897 0.0636193 0.0631856 0.517331 0.468206 0.15128 0.0165812 0.0207258 0.00543639 0.00205776 0.000644016 0.00230811 0.0183514 0.0777522 0.0173137 0.00012372 0.001879 0.00848959 0.0153006 0.058429 0.0726292 0.087306 0.000644016 0.000106358 0.278231 0.00203628 0.00108537 0.00246679 0.000525255 0.383513 0.00171371 0.000993561 0.0189212 0.0127233 0.0366794 0.00418197 0.211911 0.0240572 0.00865162 0.0881631 0.0553201 0.174297 0.0157975 0.316566 0.00173271 0.153526 0.131025 0.116086 0.818714 0.942142 0.891785 0.958985 0.960553 0.975987 0.97365 0.304148 0.352718 0.991498 0.989932 0.996706 0.985086 0.960848 0.968333 0.929252 0.488299 0.619159 0.38941 0.175838 0.262777 0.194958 0.685694 0.986158 0.295405 0.946367 0.423898 0.661846 0.573423 0.614054 0.0637638 0.0628925 0.491771 0.467183 0.151368 0.0199214 0.0855078 0.0173137 0.0051901 0.00205776 0.00699612 0.0267004 0.0258596 0.0216274 0.217078 0.0176025 0.0118596 0.296684 0.195406 0.538766 0.185154 0.182984 0.57959 0.0451808 0.109701 0.198155 0.34692 0.481517 0.470394 0.559218 0.471709 0.458712 0.700979 0.694186 0.6494 0.14019 0.121166 0.164373 0.158983 0.00225112 0.286804 0.574985 0.451856 0.00943891 0.0073056 0.0323064 0.0043076 0.0302328 0.0417791 0.00181692 0.0109377 0.0509698 0.00406123 0.35922 0.6093 0.632926 0.700325 0.00699607 0.0266994 0.0258599 0.0216282 0.217077 0.0227149 0.0176037 0.00493181 0.0118595 0.296639 0.194786 0.538947 0.185473 0.216119 0.183056 0.580086 0.10979 0.346797 0.481404 0.470363 0.559244 0.471687 0.701065 0.649313 0.140045 0.121139 0.164386 0.158971 0.00225112 0.24322 0.286832 0.451772 0.00940988 0.00730487 0.032382 0.00429003 0.0554714 0.0302169 0.0417417 0.00181692 0.0109377 0.0509253 0.359241 0.0464038 0.609305 0.632705 0.179052 0.0737315 0.158867 0.0410452 0.0395775 0.024965 0.0264949 0.537907 0.429284 0.619685 0.813395 0.736187 0.799193 0.374153 0.991037 0.992451 0.99305 0.994537 0.992242 0.99276 0.996855 0.356948 0.437148 0.487453 0.540213 0.531688 0.599626 0.645817 0.146788 0.215982 0.0552329 0.0205544 0.046276 0.0407781 0.0108013 0.0138868 0.585832 0.999285 0.5955 0.0330731 0.181286 0.0578584 0.108215 0.0410153 0.0394468 0.0240133 0.0263502 0.511701 0.380841 0.61059 0.824162 0.737223 0.805042 0.314306 1.0 1.0 1.0 1.0 1.0 1.0 1.0 0.330754 0.423537 0.581998 0.54893 0.586536 0.67914 0.699349 0.104682 0.177689 0.0552329 0.00597863 0.0461737 0.0407781 0.0108013 0.0138416 0.576102 1.0 0.61486 0.0330731 0.0584647 0.102957 0.079377 0.00880494 0.00607251 0.000837408 0.133797 0.0689608 0.0666362 0.0717263 0.0720941 0.0739431 0.276594 0.24625 0.534304 0.226103 0.212056 0.24743 0.299706 0.314927 0.319712 0.387698 0.856137 0.71641 0.165815 0.301639 0.158393 0.389461 0.501296 0.527644 0.156212 0.256957 0.0514669 0.0220173 0.148995 0.487732 0.274131 0.0826742 0.286341 0.367449 0.742167 0.809944 0.796499 0.962909 0.968185 0.767924 0.920693 0.778365 0.69238 0.968696 0.867108 0.602011 0.700917 0.381131 0.707095 0.795599 0.368617 0.951899 0.877606 0.788938 0.628276 0.134503 0.174855 0.0385684 0.192964 0.199425 0.210671 0.211349 0.0924654 0.101216 0.0926131 0.0207937 0.00601171 0.0275019 0.0380949 0.0489006 0.0100372 0.0877607 0.00228455 0.132952 0.573277 0.130555 0.788178 0.989062 0.837058 0.962113 0.012272 0.00459206 0.0237765 0.0111393 0.109962 0.0914152 0.0584159 0.102947 0.079377 0.00880494 0.00607251 0.191958 0.000837408 0.133765 0.00183954 0.0689578 0.0666069 0.0717263 0.0720941 0.279771 0.246012 0.722175 0.540367 0.225998 0.212026 0.247438 0.299706 0.314927 0.38775 0.714377 0.165716 0.301545 0.158366 0.389184 0.501296 0.527644 0.522777 0.156176 0.25695 0.0514222 0.0220173 0.148995 0.487739 0.274134 0.0826742 0.286342 0.367456 0.742002 0.809768 0.796476 0.962786 0.968183 0.767925 0.975435 0.77831 0.69238 0.985095 0.968647 0.867108 0.987767 0.602014 0.701499 0.38095 0.710808 0.667932 0.795525 0.368119 0.877517 0.6284 0.1345 0.174855 0.0385693 0.192955 0.21134 0.0923735 0.101188 0.0926789 0.0566778 0.00601118 0.027401 0.0380855 0.048901 0.0538897 0.0877666 0.00228455 0.132949 0.573281 0.130558 0.788178 0.989062 0.83704 0.962113 0.979818 0.0122721 0.00459206 0.0237687 0.0111393 0.109962 0.00896303 0.00754907 0.00695016 0.0054627 0.0077582 0.00724008 0.00314452 0.643052 0.562852 0.512547 0.459787 0.468312 0.400374 0.354183 0.853212 0.784018 0.944767 0.979446 1.0 1.0 1.0 0.887031 1.0 1.0 0.953724 0.959222 0.989199 1.0 1.0 1.0 1.0 1.0 1.0 0.883263 1.0 1.0 1.0 1.0 1.0 0.00071543 0.4045 0.966927 1.0 1.0 0.669246 0.576463 0.418002 0.45107 0.413464 0.32086 0.300651 0.895318 0.822311 0.944767 0.994021 1.0 1.0 1.0 0.887031 1.0 1.0 0.953826 0.959222 0.989199 1.0 1.0 1.0 1.0 1.0 1.0 0.883263 1.0 1.0 1.0 1.0 1.0 0.38514 0.966927 1.0 1.0 0.00947337 0.0245772 0.0150787 0.00248916 0.0162502 0.0144705 0.00673168 0.00125037 0.240077 0.210982 0.156218 0.0729309 0.125013 0.042601 0.00313505 0.401719 0.0688901 0.249086 0.457163 0.265362 0.348826 0.188682 0.0577694 0.435976 0.418525 0.388716 0.0650903 0.169791 0.0901697 0.339405 0.126355 0.0609617 0.417646 0.00621345 0.0203827 0.15147 0.0013243 0.010188 0.0382435 0.0114173 0.217185 0.0961743 0.221068 0.309562 0.363049 0.205941 0.254003 0.039755 0.0808841 0.00423772 0.00365056 0.0530224 0.000925232 0.00550111 0.070183 0.0382517 0.00947339 0.0246614 0.0150787 0.00248916 0.00192071 0.0162508 0.0144699 0.00675609 0.00125037 0.248371 0.211323 0.031967 0.157045 0.0731594 0.125121 0.0427083 0.00313505 0.401896 0.252588 0.457494 0.265449 0.348926 0.189188 0.0579123 0.437953 0.418541 0.388786 0.0650903 0.169665 0.0901697 0.339395 0.126368 0.0609617 0.417646 0.00621334 0.0203817 0.151587 0.00137589 0.010189 0.000925232 0.0114185 0.217185 0.0961743 0.00550111 0.221259 0.309546 0.363069 0.205936 0.253997 0.039755 0.0809001 0.00423772 0.133984 0.00197773 0.00121704 0.00779486 0.000695412 0.0719356 0.0151329 0.61751 0.0216112 0.00019757 0.00267629 0.0421694 0.0131265 0.0146862 0.445355 0.00717235 0.0843861 0.0291821 0.471843 0.524275 0.335094 0.186479 0.14852 0.415171 0.23616 0.057626 0.192817 0.0492223 0.599843 0.637999 0.650728 0.0490246 0.181338 0.642795 0.18743 0.645654 0.422931 0.494209 0.285433 0.669746 0.617156 0.667237 0.636138 0.616723 0.611155 0.0808187 0.00478977 0.01664 0.222399 0.395784 0.334953 0.409943 0.433786 0.458437 0.0170561 0.0580271 0.0992947 0.133984 0.00197773 0.00121704 0.00779486 0.000695412 0.0719356 0.0151329 0.617562 0.0216112 0.000190965 0.00267656 0.0421694 0.0131265 0.0146862 0.445547 0.00745849 0.0843861 0.0291821 0.471801 0.524275 0.335094 0.186864 0.394295 0.14852 0.415202 0.167399 0.23616 0.057626 0.192817 0.0492223 0.599855 0.638004 0.650728 0.0490246 0.181338 0.642795 0.0430453 0.410756 0.49411 0.180605 0.278538 0.669623 0.61711 0.667121 0.636138 0.616723 0.0805841 0.0147749 0.222282 0.395817 0.334953 0.409715 0.433643 0.458437 0.458945 0.016096 0.0580283 0.0992514 0.112969 1.0 1.0 1.0 0.116737 1.0 1.0 1.0 0.112969 1.0 1.0 1.0 0.116737 1.0 1.0 1.0 0.000201623 0.00181785 0.000358512 0.000279304 0.00134272 0.0362457 0.0249975 0.00527536 0.00232889 0.0236009 0.000426864 0.129764 0.0178632 0.148844 0.0325439 0.152826 0.00758956 0.390755 0.266018 0.459432 0.912892 0.681215 0.90983 0.652205 0.664042 0.674859 0.0977341 0.0431042 0.172863 0.599514 0.651181 0.856364 0.744801 0.296013 0.626338 0.831781 0.229893 0.0385867 0.175938 0.00990738 0.000744397 0.00140578 0.212216 0.192186 0.0904347 0.0190601 0.0367172 0.0144313 0.00845658 0.691171 0.688154 0.503999 0.220782 0.615442 0.17025 0.0820578 0.0336496 0.0370055 0.223706 0.000399525 0.00489022 0.000615438 0.0100912 0.00140578 0.000201612 0.00181767 0.000358512 0.000279332 0.00134265 0.0366977 0.0249927 0.00527641 0.00232889 0.0236009 0.000426864 0.12977 0.01826 0.14873 0.0325178 0.152753 0.0075888 0.389775 0.266007 0.45945 0.912892 0.68134 0.90983 0.652205 0.664042 0.674859 0.0977341 0.0431042 0.172867 0.599498 0.651181 0.856364 0.744801 0.296013 0.626331 0.831781 0.23006 0.0386453 0.175962 0.00997852 0.000744323 0.212216 0.192238 0.0904347 0.00489022 0.0191094 0.0367172 0.000615438 0.0144326 0.00845658 0.690974 0.68817 0.503982 0.220784 0.615445 0.17025 0.0820598 0.0336496 0.0100912 0.0370055 0.223706 1.0 1.0 1.0 1.0 1.0 1.0 1.0 1.0 1.0 1.0 1.0 1.0 1.0 1.0 1.0 0.866016 1.0 1.0 1.0 1.0 1.0 1.0 0.998022 0.998783 1.0 0.992205 0.999305 0.928064 0.984867 1.0 1.0 1.0 1.0 1.0 1.0 0.31435 1.0 1.0 1.0 1.0 1.0 1.0 0.978389 0.999802 1.0 1.0 0.997324 0.957831 0.986874 0.985314 1.0 0.554645 0.992828 1.0 1.0 1.0 1.0 1.0 1.0 0.915614 0.970818 1.0 1.0 0.398806 1.0 1.0 1.0 1.0 1.0 1.0 1.0 1.0 1.0 1.0 1.0 1.0 1.0 1.0 1.0 1.0 1.0 1.0 1.0 1.0 0.380911 0.653612 0.807449 1.0 1.0 1.0 1.0 0.850643 0.434502 0.76384 0.942374 0.807183 0.950778 0.315383 0.288633 0.276295 1.0 1.0 1.0 1.0 1.0 1.0 1.0 1.0 1.0 0.950975 0.818662 0.28511 1.0 0.81257 0.280403 0.0241513 0.0235609 0.0187705 0.0288908 0.0221734 0.0423051 0.0610213 0.0683501 0.0691325 0.00577897 0.00467107 0.0050013 0.00432491 0.00714834 0.0139192 0.000473111 0.00109029 1.0 1.0 1.0 1.0 1.0 1.0 1.0 1.0 1.0 1.0 1.0 1.0 1.0 1.0 1.0 1.0 1.0 1.0 1.0 1.0 1.0 1.0 1.0 1.0 1.0 1.0 1.0 1.0 1.0 1.0 1.0 1.0 0.866016 1.0 1.0 1.0 1.0 1.0 1.0 0.998022 0.998783 1.0 0.992205 0.999305 0.928064 0.984867 1.0 1.0 1.0 1.0 1.0 1.0 0.314347 1.0 1.0 1.0 1.0 1.0 1.0 0.978389 0.999809 1.0 1.0 0.997323 0.957831 0.986874 0.985314 1.0 0.554453 0.992542 1.0 1.0 1.0 1.0 1.0 1.0 0.915614 0.970818 1.0 1.0 0.398773 1.0 1.0 1.0 1.0 1.0 1.0 1.0 1.0 1.0 1.0 1.0 1.0 1.0 1.0 1.0 1.0 1.0 1.0 1.0 1.0 1.0 0.380911 0.653612 0.807063 1.0 1.0 0.408176 0.850643 0.434502 0.830762 0.76384 0.942374 0.807183 0.950778 0.315374 0.288633 0.276295 1.0 1.0 1.0 1.0 1.0 1.0 1.0 1.0 1.0 1.0 1.0 0.950975 0.818662 0.28511 1.0 1.0 1.0 1.0 0.956955 0.0244041 0.0235624 0.0118305 0.0187742 0.0288908 0.022143 0.0423058 0.0610213 0.0683501 0.00577833 0.00467161 0.0050013 0.00432457 0.00714834 0.0139192 0.0182776 0.000473111 0.00109033 1.0 1.0 1.0 1.0 1.0 1.0 1.0 1.0 1.0 1.0 1.0 1.0 1.0 1.0 1.0 1.0 1.0 1.0 1.0 0.347795 0.335958 0.325141 1.0 0.902266 0.956896 0.231608 0.585418 0.349974 0.348819 0.255199 0.168219 0.787784 0.396197 0.962994 0.776294 0.31957 0.535215 0.000354545 0.0665673 0.0719874 0.347795 0.335958 0.325141 1.0 0.902266 0.956896 0.235314 0.58473 0.352524 0.348819 0.255199 0.168219 0.787784 0.397275 0.962994 0.776294 0.322259 0.540895 0.000354615 0.0663321 0.0719908 0.640306 0.414582 0.650026 0.558903 0.68043 0.464785 0.0533931 0.0793451 0.434198 0.115488 0.732332 0.75796 0.764703 0.933433 1.0 0.928013 0.997019 1.0 0.980783 1.0 0.792859 0.726095 0.622191 0.148935 0.0510035 0.488729 0.636601 0.41527 0.647476 0.557825 0.677741 0.459105 0.0533931 0.0793451 0.434193 0.115488 0.720267 0.759367 0.764703 0.933668 1.0 0.928009 0.997019 1.0 0.980783 1.0 0.792859 0.722649 0.622216 0.148935 0.0510035 0.488756 0.207141 0.262026 0.00817731 0.0157323 0.223322 0.0118786 0.205789 0.397312 0.433117 0.64671 0.0029807 0.0192167 0.850907 0.938262 0.00419835 0.172019 0.000158226 0.105782 0.123967 0.0448996 0.272696 0.651145 0.0682615 0.618824 0.243645 0.152903 0.230946 0.207141 0.266128 0.00817739 0.0157323 0.223322 0.0112232 0.205793 0.397337 0.433117 0.64671 0.0029807 0.0192167 0.850907 0.938262 0.00419835 0.171991 0.00015821 0.10573 0.123966 0.0448996 0.272696 0.651145 0.0682634 0.618824 0.254275 0.151616 0.230946 0.908055 0.776678 0.566883 0.00131604 0.35329 0.0107341 0.0297274 0.00419583 0.004119 0.673911 0.26951 0.00202384 0.49754 0.265689 0.781691 0.759806 0.822244 0.54723 0.0236693 0.0891367 0.00435082 0.908055 0.776678 0.566883 0.00131604 0.35329 0.0107341 0.0297619 0.00419583 0.004119 0.673911 0.26951 0.00202384 0.497544 0.265689 0.781691 0.759806 0.822244 0.554949 0.025103 0.0890176 0.00435082 0.0762122 1.0 1.0 1.0 0.996258 0.970273 0.991606 1.0 1.0 0.00242645 1.0 1.0 0.997976 1.0 0.218309 0.240194 0.177756 0.45277 0.0762122 1.0 1.0 1.0 0.996258 0.970238 0.991606 1.0 1.0 0.00242645 1.0 1.0 0.997976 1.0 0.218309 0.240194 0.177756 0.445051
          </float_array>
          <technique_common>
            <accessor count="1715" source="#model1_lowpoly2-proxy741-skin-weights-array" stride="1">
              <param type="float" name="WEIGHT"></param>
            </accessor>
          </technique_common>
        </source>
        <source id="model1_lowpoly2-proxy741-skin-poses">
          <float_array count="848" id="model1_lowpoly2-proxy741-skin-poses-array">
            0.0000 1.0000 0.0000 0.0000
            0.0000 0.0000 1.0000 2.6350
            1.0000 0.0000 0.0000 0.0000
            0.0000 0.0000 0.0000 1.0000

            1.0000 0.0000 -0.0000 -0.0000
            -0.0000 0.8569 -0.5154 -80.0345
            -0.0000 0.5154 0.8569 -50.1157
            0.0000 0.0000 0.0000 1.0000

            1.0000 -0.0000 -0.0000 0.0000
            0.0000 0.9684 0.2494 -97.3348
            0.0000 -0.2494 0.9684 27.4856
            0.0000 0.0000 0.0000 1.0000

            0.8905 0.0542 -0.4518 -13.1621
            0.0949 -0.9932 0.0678 91.1624
            -0.4450 -0.1032 -0.8895 15.2624
            0.0000 0.0000 0.0000 1.0000

            0.8905 -0.0542 0.4518 13.1621
            -0.0949 -0.9932 0.0678 91.1624
            0.4450 -0.1032 -0.8895 15.2624
            0.0000 0.0000 0.0000 1.0000

            1.0000 0.0000 -0.0000 -0.0000
            -0.0000 0.9955 0.0944 -107.3722
            0.0000 -0.0944 0.9955 10.7662
            0.0000 0.0000 0.0000 1.0000

            0.9965 0.0841 0.0001 -18.1328
            0.0839 -0.9937 -0.0741 47.0311
            -0.0061 0.0738 -0.9973 1.0158
            0.0000 0.0000 0.0000 1.0000

            0.9965 -0.0841 -0.0001 18.1328
            -0.0839 -0.9937 -0.0741 47.0311
            0.0061 0.0738 -0.9973 1.0158
            0.0000 0.0000 0.0000 1.0000

            1.0000 -0.0000 0.0000 0.0000
            0.0000 0.9966 -0.0827 -116.0932
            0.0000 0.0827 0.9966 -9.8685
            0.0000 0.0000 0.0000 1.0000

            0.9965 0.0841 0.0001 -18.1328
            0.0395 -0.4690 0.8823 1.2948
            0.0743 -0.8792 -0.4707 5.4459
            0.0000 0.0000 0.0000 1.0000

            0.9965 -0.0841 -0.0001 18.1328
            -0.0395 -0.4690 0.8823 1.2947
            -0.0743 -0.8792 -0.4707 5.4459
            0.0000 0.0000 0.0000 1.0000

            -0.1446 -0.9881 0.0524 139.9199
            0.9884 -0.1467 -0.0394 18.4467
            0.0467 0.0461 0.9978 -9.1076
            0.0000 0.0000 0.0000 1.0000

            -0.1446 0.9881 -0.0524 -139.9199
            -0.9884 -0.1467 -0.0394 18.4467
            -0.0467 0.0461 0.9978 -9.1076
            0.0000 0.0000 0.0000 1.0000

            1.0000 0.0000 0.0000 -0.0000
            -0.0000 0.9439 0.3304 -140.1707
            -0.0000 -0.3304 0.9439 48.7460
            0.0000 0.0000 0.0000 1.0000

            0.9921 0.1045 0.0690 -18.9797
            -0.0730 0.0353 0.9967 -11.9037
            0.1017 -0.9939 0.0426 -1.7796
            0.0000 0.0000 0.0000 1.0000

            0.9921 -0.1045 -0.0690 18.9797
            0.0730 0.0353 0.9967 -11.9037
            -0.1017 -0.9939 0.0426 -1.7796
            0.0000 0.0000 0.0000 1.0000

            -0.7423 -0.6690 0.0383 105.4739
            0.6699 -0.7422 0.0190 92.1550
            0.0157 0.0397 0.9991 -7.7092
            0.0000 0.0000 0.0000 1.0000

            -0.7423 0.6690 -0.0383 -105.4739
            -0.6699 -0.7422 0.0190 92.1550
            -0.0157 0.0397 0.9991 -7.7092
            0.0000 0.0000 0.0000 1.0000

            1.0000 -0.0000 -0.0000 0.0000
            0.0000 0.9991 -0.0416 -159.0669
            0.0000 0.0416 0.9991 -10.7654
            0.0000 0.0000 0.0000 1.0000

            -0.7460 -0.6649 0.0386 105.1063
            0.5070 -0.5294 0.6802 44.0540
            -0.4318 0.5269 0.7320 -49.7846
            0.0000 0.0000 0.0000 1.0000

            -0.7460 0.6649 -0.0386 -105.1063
            -0.5070 -0.5294 0.6802 44.0540
            0.4318 0.5269 0.7320 -49.7846
            0.0000 0.0000 0.0000 1.0000

            -0.1226 -0.8654 -0.4858 107.2024
            0.3248 -0.4975 0.8043 22.7933
            -0.9378 -0.0592 0.3421 43.7515
            0.0000 0.0000 0.0000 1.0000

            -0.1226 0.8654 0.4858 -107.2023
            -0.3248 -0.4975 0.8043 22.7934
            0.9378 -0.0592 0.3421 43.7514
            0.0000 0.0000 0.0000 1.0000

            0.7451 -0.4745 -0.4687 24.9885
            0.1328 -0.5832 0.8014 30.7525
            -0.6536 -0.6594 -0.3715 110.4189
            0.0000 0.0000 0.0000 1.0000

            0.5710 -0.3991 -0.7174 30.2574
            0.2284 -0.7621 0.6058 49.7599
            -0.7885 -0.5098 -0.3440 101.0256
            0.0000 0.0000 0.0000 1.0000

            0.2707 -0.2808 -0.9208 34.9161
            0.2891 -0.8886 0.3560 65.7132
            -0.9182 -0.3626 -0.1594 87.5644
            0.0000 0.0000 0.0000 1.0000

            0.4658 -0.2951 -0.8342 26.1611
            0.3263 -0.8191 0.4719 54.0217
            -0.8225 -0.4920 -0.2853 99.1917
            0.0000 0.0000 0.0000 1.0000

            0.7112 0.0025 0.7030 -49.8564
            -0.6725 -0.2890 0.6814 46.3595
            0.2049 -0.9573 -0.2039 96.4938
            0.0000 0.0000 0.0000 1.0000

            0.7451 0.4745 0.4687 -24.9885
            -0.1328 -0.5832 0.8014 30.7523
            0.6536 -0.6594 -0.3715 110.4190
            0.0000 0.0000 0.0000 1.0000

            0.5710 0.3991 0.7174 -30.2575
            -0.2284 -0.7621 0.6058 49.7598
            0.7885 -0.5098 -0.3440 101.0256
            0.0000 0.0000 0.0000 1.0000

            0.2707 0.2808 0.9208 -34.9166
            -0.2891 -0.8886 0.3560 65.7132
            0.9182 -0.3626 -0.1594 87.5642
            0.0000 0.0000 0.0000 1.0000

            0.4658 0.2951 0.8342 -26.1610
            -0.3263 -0.8191 0.4719 54.0216
            0.8225 -0.4920 -0.2853 99.1917
            0.0000 0.0000 0.0000 1.0000

            0.7112 -0.0025 -0.7030 49.8565
            0.6725 -0.2890 0.6814 46.3595
            -0.2049 -0.9573 -0.2039 96.4938
            0.0000 0.0000 0.0000 1.0000

            0.7495 -0.4785 -0.4574 24.8416
            -0.0212 -0.7080 0.7059 51.3732
            -0.6617 -0.5193 -0.5408 101.7636
            0.0000 0.0000 0.0000 1.0000

            0.5863 -0.4572 -0.6687 33.8370
            0.0983 -0.7792 0.6190 54.4726
            -0.8041 -0.4287 -0.4119 95.7318
            0.0000 0.0000 0.0000 1.0000

            0.2805 -0.3192 -0.9052 37.8026
            0.1126 -0.9256 0.3613 76.3707
            -0.9532 -0.2033 -0.2237 75.2959
            0.0000 0.0000 0.0000 1.0000

            0.4912 -0.3722 -0.7875 31.1992
            0.1713 -0.8452 0.5063 60.9290
            -0.8540 -0.3836 -0.3514 91.9104
            0.0000 0.0000 0.0000 1.0000

            0.9089 0.0993 0.4050 -61.3715
            -0.3377 -0.3947 0.8545 35.0505
            0.2447 -0.9134 -0.3252 93.1571
            0.0000 0.0000 0.0000 1.0000

            0.7495 0.4785 0.4574 -24.8417
            0.0212 -0.7080 0.7059 51.3736
            0.6617 -0.5193 -0.5408 101.7633
            0.0000 0.0000 0.0000 1.0000

            0.5863 0.4572 0.6687 -33.8371
            -0.0983 -0.7792 0.6190 54.4728
            0.8041 -0.4287 -0.4119 95.7316
            0.0000 0.0000 0.0000 1.0000

            0.2805 0.3192 0.9052 -37.8020
            -0.1126 -0.9256 0.3613 76.3703
            0.9532 -0.2033 -0.2237 75.2965
            0.0000 0.0000 0.0000 1.0000

            0.4912 0.3722 0.7875 -31.1992
            -0.1713 -0.8452 0.5063 60.9291
            0.8540 -0.3836 -0.3514 91.9103
            0.0000 0.0000 0.0000 1.0000

            0.9089 -0.0993 -0.4050 61.3716
            0.3377 -0.3947 0.8545 35.0505
            -0.2447 -0.9134 -0.3252 93.1571
            0.0000 0.0000 0.0000 1.0000

            0.7468 -0.5056 -0.4320 26.8642
            -0.1292 -0.7475 0.6516 60.1082
            -0.6524 -0.4308 -0.6235 95.1220
            0.0000 0.0000 0.0000 1.0000

            0.5855 -0.4450 -0.6776 32.9573
            0.0042 -0.8342 0.5515 64.0086
            -0.8106 -0.3257 -0.4866 88.3455
            0.0000 0.0000 0.0000 1.0000

            0.2775 -0.2960 -0.9140 35.9269
            0.1305 -0.9309 0.3411 74.8915
            -0.9518 -0.2140 -0.2197 76.1553
            0.0000 0.0000 0.0000 1.0000

            0.4834 -0.3233 -0.8135 27.6142
            0.1037 -0.9016 0.4200 69.8666
            -0.8692 -0.2874 -0.4023 84.8372
            0.0000 0.0000 0.0000 1.0000

            0.9286 0.1243 0.3497 -63.2545
            -0.2050 -0.6137 0.7625 50.9706
            0.3093 -0.7797 -0.5444 82.6790
            0.0000 0.0000 0.0000 1.0000

            0.7468 0.5056 0.4320 -26.8642
            0.1292 -0.7475 0.6516 60.1078
            0.6524 -0.4308 -0.6235 95.1223
            0.0000 0.0000 0.0000 1.0000

            0.5855 0.4450 0.6776 -32.9571
            -0.0042 -0.8342 0.5515 64.0083
            0.8106 -0.3257 -0.4866 88.3458
            0.0000 0.0000 0.0000 1.0000

            0.2775 0.2960 0.9140 -35.9270
            -0.1305 -0.9309 0.3411 74.8916
            0.9518 -0.2140 -0.2197 76.1552
            0.0000 0.0000 0.0000 1.0000

            0.4834 0.3233 0.8135 -27.6143
            -0.1037 -0.9016 0.4200 69.8667
            0.8692 -0.2874 -0.4023 84.8371
            0.0000 0.0000 0.0000 1.0000

            0.9286 -0.1243 -0.3497 63.2544
            0.2050 -0.6137 0.7625 50.9708
            -0.3093 -0.7797 -0.5444 82.6790
            0.0000 0.0000 0.0000 1.0000

          </float_array>
          <technique_common>
            <accessor count="53" source="#model1_lowpoly2-proxy741-skin-poses-array" stride="16">
              <param type="float4x4"></param>
            </accessor>
          </technique_common>
        </source>
        <joints>
          <input semantic="JOINT" source="#model1_lowpoly2-proxy741-skin-joints"/>
          <input semantic="INV_BIND_MATRIX" source="#model1_lowpoly2-proxy741-skin-poses"/>
        </joints>
        <vertex_weights count="741">
          <input offset="0" semantic="JOINT" source="#model1_lowpoly2-proxy741-skin-joints"/>
          <input offset="1" semantic="WEIGHT" source="#model1_lowpoly2-proxy741-skin-weights"/>
          <vcount>
            1 1 1 1 1 1 1 1 1 1 1 1 1 1 1 2 1 1 1 1 1 1 2 2 1 2 2 2 2 1 1 1 1 1 1 5 1 1 1 1 1 1 2 2 1 1 2 2 2 2 1 2 2 1 1 1 1 1 1 2 2 1 1 5 1 1 1 1 1 1 1 1 1 1 1 1 1 1 1 1 1 1 1 1 5 4 3 1 1 1 1 3 5 2 2 2 2 5 4 4 1 1 1 1 1 1 1 1 1 2 2 3 1 2 3 5 5 5 5 5 5 4 3 3 4 4 4 5 5 5 5 4 3 4 5 5 3 3 2 2 2 2 1 2 2 4 2 2 3 3 2 3 2 3 3 2 5 3 4 4 3 5 5 2 3 5 3 4 3 5 4 4 4 3 5 4 4 5 4 4 5 5 5 5 3 4 4 6 5 5 5 4 5 4 4 6 5 5 5 3 5 4 4 4 5 4 3 3 3 3 3 4 2 3 3 2 2 2 2 2 2 2 2 2 3 3 2 2 2 2 2 2 2 2 2 2 2 2 2 2 2 2 2 2 2 2 2 2 2 2 2 2 2 2 2 2 3 3 1 1 2 1 3 3 2 2 2 2 4 3 3 2 1 2 2 1 2 1 2 3 3 3 3 4 3 2 2 3 2 1 1 1 1 1 3 2 2 2 2 2 1 1 1 2 1 1 1 1 1 2 2 2 1 1 1 1 1 1 2 1 1 1 1 1 1 1 1 2 2 4 2 2 2 2 2 1 1 1 1 1 1 1 1 1 1 1 1 1 1 1 1 1 1 1 4 3 3 3 4 4 3 4 4 5 4 5 5 6 1 1 1 1 1 1 1 1 1 1 1 1 1 1 1 2 1 1 1 1 1 1 2 2 1 2 2 2 2 1 1 1 1 1 1 5 1 1 1 1 1 1 2 2 1 1 2 2 2 2 1 2 2 1 1 1 1 1 1 2 2 1 1 5 1 1 1 1 1 1 1 1 1 1 1 1 1 1 1 1 1 1 1 1 1 5 4 3 1 1 5 3 5 3 2 2 2 2 5 4 4 1 1 1 1 1 1 1 1 1 1 1 2 2 3 1 1 1 1 2 5 5 6 5 5 5 5 4 3 4 4 5 5 5 5 4 3 3 4 5 5 3 3 2 2 2 2 1 2 2 4 2 2 3 3 2 3 2 3 3 2 5 3 4 4 3 5 4 2 3 5 3 5 4 3 5 5 4 4 4 3 4 5 4 5 4 5 5 5 5 3 4 5 5 5 4 5 4 4 4 5 5 5 3 5 4 6 4 4 4 3 3 3 3 3 4 2 3 3 3 2 2 2 2 2 2 2 2 2 3 3 2 2 2 2 2 2 2 2 2 2 2 2 2 2 2 2 1 1 1 1 1 1 1 2 2 2 2 2 2 2 3 3 1 1 2 1 3 3 2 2 2 2 4 3 3 2 1 2 2 1 2 1 2 3 3 3 3 4 3 2 2 3 2 1 1 1 1 1 3 2 2 2 2 2 1 1 1 2 1 1 1 1 1 2 2 2 1 1 1 1 1 1 2 1 1 1 1 1 1 1 1 2 2 2 2 1 2 2 1 1 1 1 1 1 1 1 1 1 1 1 1 1 1 1 1 1 1 1 1 3 3 3 4 4 3 4 4 4 3 5 5 5
          </vcount>
          <v>
